/work/07843/tg871426/stampede2/471sapkota/HW6/CODE
           1   6.3664658926427364E-002
           2   9.5760275027714670E-002
           3  0.13285746099427342     
           4  0.16114982904400676     
           5  0.18766145396512002     
           6  0.22334101190790534     
           7  0.24254344601649791     
           8  0.27127623104024678     
           9  0.29366788698825985     
          10  0.31790177093353122     
          11  0.34658375894650817     
          12  0.37272767501417547     
          13  0.39504392794333398     
          14  0.41795915097463876     
          15  0.45766611292492598     
          16  0.48023586010094732     
