 1   5.4052703200140968     
           2   4.1680156249785796     
           3   3.7486730569507927     
           4   3.5027471480425447     
           5   3.2587290470255539     
           6   3.2190505359321833     
           7   3.1475905890110880     
           8   3.1450381720205769     
           9   3.1902615160215646     
          10   2.9629178730538115     
          11   2.9413716079434380     
          12   2.9212392899207771     
          13   2.9012193420203403     
          14   2.9109736399259418     
          15   2.9099061839515343     
          16   2.8876075299922377 
